# Image list with two lines of data per image: 
#   IMAGE_ID, QW, QX, QY, QZ, TX, TY, TZ, CAMERA_ID, NAME 
#   POINTS2D[] as (X, Y, POINT3D_ID) 
1 -0.858348701781 0.139189043313 0.491702502413 0.045744628944 0.219805008295 -1.118638674242 0.775805989311 1 frame_00001.png

2 -0.858177720859 0.139271878726 0.491973306351 0.045788242525 0.217377840548 -1.119056414237 0.750420622967 1 frame_00002.png

3 -0.857671514505 0.139515100366 0.492774416610 0.045917585787 0.213866670553 -1.119281402963 0.725673284705 1 frame_00003.png

4 -0.856839218812 0.139910190619 0.494088740928 0.046130579338 0.209399883545 -1.119346534223 0.701524651743 1 frame_00004.png

5 -0.855688794024 0.140447830310 0.495899028106 0.046424617760 0.204101218432 -1.119281777480 0.677932385308 1 frame_00005.png

6 -0.854227410847 0.141117924363 0.498188131895 0.046797198188 0.198089159348 -1.119116372104 0.654851864362 1 frame_00006.png

7 -0.852461178817 0.141909595447 0.500938568436 0.047245524866 0.191477928762 -1.118876511662 0.632236273799 1 frame_00007.png

8 -0.850395882152 0.142811578793 0.504132993032 0.047766528621 0.184378072016 -1.118587436068 0.610039118764 1 frame_00008.png

9 -0.848036307291 0.143812004550 0.507753972115 0.048357260616 0.176895371325 -1.118272516459 0.588213606804 1 frame_00009.png

10 -0.845387005475 0.144898710932 0.511783753086 0.049014625672 0.169169350100 -1.117948086440 0.566712629899 1 frame_00010.png

11 -0.842452287540 0.146059120107 0.516204573110 0.049735539385 0.161264703796 -1.117640118242 0.545493179370 1 frame_00011.png

12 -0.839236168319 0.147280555273 0.520998209428 0.050516654559 0.153275767971 -1.117367672100 0.524512913226 1 frame_00012.png

13 -0.835742352783 0.148550197199 0.526146567377 0.051354959525 0.145294947679 -1.117148408055 0.503731736629 1 frame_00013.png

14 -0.831974735042 0.149855208044 0.531631188433 0.052247108410 0.137412563809 -1.116998520914 0.483112599032 1 frame_00014.png

15 -0.827937235329 0.151182602084 0.537433228777 0.053190134274 0.129739278571 -1.116929994930 0.462621921735 1 frame_00015.png

16 -0.823633989926 0.152519859267 0.543534006400 0.054180697863 0.122351293403 -1.116957722570 0.442230747152 1 frame_00016.png

17 -0.819069415496 0.153854121559 0.549913986178 0.055215953184 0.115314003787 -1.117096289010 0.421911254090 1 frame_00017.png

18 -0.814248239923 0.155173222942 0.556553854735 0.056292840410 0.108705240764 -1.117356722205 0.401641417015 1 frame_00018.png

19 -0.809175553842 0.156465119355 0.563434014298 0.057408554505 0.102599675371 -1.117748662681 0.381402923244 1 frame_00019.png

20 -0.803856953443 0.157718209304 0.570534528408 0.058560424351 0.097098809699 -1.118276347456 0.361184895573 1 frame_00020.png

21 -0.798298825951 0.158921122522 0.577835196541 0.059745654826 0.092246810285 -1.118949507973 0.340975724624 1 frame_00021.png

22 -0.792507869226 0.160063370195 0.585315898723 0.060961974745 0.088100823235 -1.119774459289 0.320769468817 1 frame_00022.png

23 -0.786491639125 0.161134666399 0.592956018937 0.062206944132 0.084721307942 -1.120754388876 0.300564294494 1 frame_00023.png

24 -0.780258383862 0.162125298076 0.600735142908 0.063478336222 0.082178499832 -1.121889617173 0.280365190653 1 frame_00024.png

25 -0.773817303874 0.163026332878 0.608632445105 0.064774253546 0.080523997330 -1.123180231982 0.260178917419 1 frame_00025.png

26 -0.767177921534 0.163829682261 0.616627523576 0.066092766655 0.079790122082 -1.124626614677 0.240013266336 1 frame_00026.png

27 -0.760351185832 0.164527391539 0.624699641164 0.067432213065 0.080019682067 -1.126225681294 0.219880209531 1 frame_00027.png

28 -0.753348576631 0.165112634998 0.632828183442 0.068791176946 0.081256374979 -1.127971801459 0.199797007482 1 frame_00028.png

29 -0.746182426456 0.165579319328 0.640992758134 0.070168299053 0.083533893182 -1.129857921988 0.179782682006 1 frame_00029.png

30 -0.738866149222 0.165921766326 0.649173004143 0.071562364157 0.086871016310 -1.131876816773 0.159854026913 1 frame_00030.png

31 -0.731413867310 0.166135415405 0.657348982630 0.072972553399 0.091288595472 -1.134018883431 0.140032321189 1 frame_00031.png

32 -0.723840716454 0.166216247558 0.665501166913 0.074397991546 0.096803141952 -1.136272874354 0.120339213713 1 frame_00032.png

33 -0.716162619250 0.166160884978 0.673609879707 0.075838062695 0.103425296345 -1.138625589792 0.100796391637 1 frame_00033.png

34 -0.708396419393 0.165966912723 0.681656349056 0.077292255224 0.111160279513 -1.141062830980 0.081426040457 1 frame_00034.png

35 0.700559843748 -0.165632185905 -0.689622090724 -0.078760385989 0.120008215885 -1.143569351486 0.062248211634 1 frame_00035.png

36 0.692671210158 -0.165155934297 -0.697489315070 -0.080242326568 0.129954370619 -1.146129842535 0.043278636129 1 frame_00036.png

37 0.684749846667 -0.164537037510 -0.705240421657 -0.081738004329 0.140992882118 -1.148725402851 0.024535115863 1 frame_00037.png

38 0.676815819623 -0.163775928504 -0.712858764054 -0.083247623623 0.153113354769 -1.151337401397 0.006035290793 1 frame_00038.png

39 0.668889599903 -0.162872913133 -0.720328319468 -0.084771323970 0.166296530743 -1.153945824743 -0.012209156510 1 frame_00039.png

40 0.660992726227 -0.161829128335 -0.727633534129 -0.086309608247 0.180503852083 -1.156532707578 -0.030199015565 1 frame_00040.png

41 0.653146890232 -0.160646189980 -0.734759828503 -0.087862903109 0.195710820111 -1.159076664799 -0.047928682956 1 frame_00041.png

42 0.645374674424 -0.159325943426 -0.741693143839 -0.089431809599 0.211896299711 -1.161554767326 -0.065393015820 1 frame_00042.png

43 0.637699035783 -0.157870530116 -0.748420236205 -0.091016948557 0.229025180861 -1.163944997303 -0.082597953967 1 frame_00043.png

44 0.630143038717 -0.156282628632 -0.754928572675 -0.092618914138 0.247051730184 -1.166226019183 -0.099558546917 1 frame_00044.png

45 0.622730806115 -0.154565126118 -0.761206288226 -0.094238616201 0.265919157249 -1.168378212584 -0.116304267999 1 frame_00045.png

46 0.615486092607 -0.152720997895 -0.767242392190 -0.095876698124 0.285607102986 -1.170374706403 -0.132840883754 1 frame_00046.png

47 0.608433049044 -0.150753319699 -0.773026381188 -0.097534258053 0.306069594522 -1.172192059804 -0.149197577562 1 frame_00047.png

48 0.601596115101 -0.148665465132 -0.778548493196 -0.099211748943 0.327258958856 -1.173806565823 -0.165407945544 1 frame_00048.png

49 0.595000049638 -0.146460549362 -0.783799410594 -0.100910075751 0.349112306953 -1.175196581613 -0.181525994606 1 frame_00049.png

50 0.588669166184 -0.144141704584 -0.788770456374 -0.102630184538 0.371577289010 -1.176337393959 -0.197601834290 1 frame_00050.png

51 0.582628139055 -0.141712427603 -0.793453472423 -0.104372669870 0.394617944765 -1.177201532082 -0.213675015928 1 frame_00051.png

52 0.576901391620 -0.139175452778 -0.797840599256 -0.106138358855 0.418181724225 -1.177762572619 -0.229806625619 1 frame_00052.png

53 0.571513382101 -0.136533916197 -0.801924275856 -0.107927900994 0.442213610840 -1.177994043566 -0.246062768870 1 frame_00053.png

54 0.566488157292 -0.133790363517 -0.805697298231 -0.109741805902 0.466655291368 -1.177868464621 -0.262519655418 1 frame_00054.png

55 0.561849367560 -0.130947692604 -0.809152502238 -0.111580540736 0.491428690864 -1.177360656685 -0.279276848431 1 frame_00055.png

56 0.557620949768 -0.128007659610 -0.812282767049 -0.113444505024 0.516500665302 -1.176435695468 -0.296395901476 1 frame_00056.png

57 0.553825858819 -0.124972649710 -0.815080885611 -0.115333897731 0.541809922409 -1.175061714555 -0.313965943956 1 frame_00057.png

58 0.550487089777 -0.121843927447 -0.817539373282 -0.117248790143 0.567294301720 -1.173204367445 -0.332083038753 1 frame_00058.png

59 0.547626701434 -0.118623386574 -0.819650760042 -0.119189056144 0.592887377566 -1.170828806054 -0.350846282787 1 frame_00059.png

60 0.545266730619 -0.115311559124 -0.821406738161 -0.121154437864 0.618374131748 -1.167919263613 -0.370510212007 1 frame_00060.png

61 0.543427965539 -0.111909343098 -0.822798789410 -0.123144263336 0.641847674083 -1.162916094617 -0.375981393382 1 frame_00061.png

62 0.541924523610 -0.108570595680 -0.823931096941 -0.125170880493 0.664042810162 -1.155699832293 -0.360730462665 1 frame_00062.png

63 0.540561602991 -0.105426174228 -0.824913857218 -0.127262162809 0.682448684678 -1.148804755950 -0.343203217038 1 frame_00063.png

64 0.539346706443 -0.102440363847 -0.825745727439 -0.129440822280 0.700109644661 -1.142299812631 -0.325820781283 1 frame_00064.png

65 0.538287004406 -0.099578046294 -0.826425202402 -0.131729572910 0.716339078691 -1.136163467710 -0.308253234023 1 frame_00065.png

66 0.537389256990 -0.096802622829 -0.826949567431 -0.134150710986 0.731943089363 -1.130367228033 -0.291049828078 1 frame_00066.png

67 0.536659749334 -0.094078025551 -0.827315821370 -0.136726467842 0.747020903923 -1.124883186142 -0.274335143207 1 frame_00067.png

68 0.536104524286 -0.091367860712 -0.827520122586 -0.139478743029 0.761863823237 -1.119678640191 -0.258337780855 1 frame_00068.png

69 0.535729352759 -0.088635038064 -0.827557693355 -0.142429504341 0.776334216644 -1.114730230089 -0.243044972245 1 frame_00069.png

70 0.535539686776 -0.085842812949 -0.827423005095 -0.145600228733 0.790496990501 -1.110013072821 -0.228557559480 1 frame_00070.png

71 0.535540270166 -0.082954045677 -0.827109717642 -0.149012838348 0.804941391594 -1.105480310708 -0.215282915144 1 frame_00071.png

72 0.535736018607 -0.079931296570 -0.826610052187 -0.152688409427 0.819628731085 -1.101101523375 -0.203258540456 1 frame_00072.png

73 0.536130850398 -0.076737094622 -0.825915470421 -0.156648337381 0.834215165823 -1.096865105594 -0.192346613668 1 frame_00073.png

74 0.536728687858 -0.073333582725 -0.825015871300 -0.160914042857 0.848847539407 -1.092737329896 -0.182706162672 1 frame_00074.png

75 0.537532399968 -0.069682650445 -0.823899745225 -0.165506352392 0.865189444743 -1.088566958722 -0.175512117616 1 frame_00075.png

76 0.538544639729 -0.065745947678 -0.822554028057 -0.170446271093 0.881617310851 -1.084408187977 -0.169743060623 1 frame_00076.png

77 0.539767064520 -0.061484641804 -0.820963700991 -0.175754452508 0.898188267405 -1.080215819981 -0.165505192328 1 frame_00077.png

78 0.541200553881 -0.056859709443 -0.819111890021 -0.181451390107 0.917194895810 -1.075679318726 -0.164838955986 1 frame_00078.png

79 0.542845118991 -0.051831348900 -0.816979175293 -0.187557106124 0.937244925529 -1.070818107923 -0.166617262681 1 frame_00079.png

80 0.544699499930 -0.046359692443 -0.814543904247 -0.194091075637 0.957576942922 -1.065629860351 -0.170252795680 1 frame_00080.png

81 0.546761323516 -0.040404192437 -0.811781551843 -0.201072382047 0.982375878190 -1.059076289051 -0.181749329100 1 frame_00081.png

82 0.549027168296 -0.033923726705 -0.808664429381 -0.208519091575 1.008036193609 -1.051574566949 -0.196095214267 1 frame_00082.png

83 0.551491539471 -0.026876792861 -0.805161512444 -0.216447778381 1.035247724415 -1.041579048264 -0.221932004989 1 frame_00083.png

84 0.554147645811 -0.019221565242 -0.801238101805 -0.224874191765 1.063464326487 -1.028816465119 -0.256009368399 1 frame_00084.png

85 0.556986803317 -0.010915825833 -0.796855585011 -0.233811371691 1.087155758619 -1.012618050995 -0.300470920047 1 frame_00085.png

86 0.559998453179 -0.001917043093 -0.791970752468 -0.243270299036 1.107437616589 -0.992447946588 -0.352893443546 1 frame_00086.png

87 0.563169684462 0.007817020905 -0.786535970012 -0.253258632411 1.127592962431 -0.968634501224 -0.407228228736 1 frame_00087.png

88 0.566485641996 0.018328547706 -0.780498572420 -0.263780217439 1.141226461897 -0.940302896148 -0.467136660697 1 frame_00088.png

89 0.569928946431 0.029658865758 -0.773800771828 -0.274833946792 1.153110829456 -0.907153659034 -0.529356439781 1 frame_00089.png

90 0.573479845985 0.041848308328 -0.766379361843 -0.286412745811 1.164463817357 -0.868772018211 -0.592811917316 1 frame_00090.png

91 0.577116335294 0.054935200531 -0.758165655728 -0.298502421202 1.175122772522 -0.824650465086 -0.657184339830 1 frame_00091.png

92 0.580813948273 0.068955653865 -0.749085755721 -0.311080057883 1.188035141745 -0.773432452906 -0.719658796169 1 frame_00092.png

93 0.584546032201 0.083941743214 -0.739060677986 -0.324112761708 1.203609883491 -0.714540136223 -0.779166704954 1 frame_00093.png

94 0.589532713900 0.101082092405 -0.726644034579 -0.337967446971 1.214261310380 -0.639110676998 -0.840030458403 1 frame_00094.png

95 0.596709614454 0.121255446213 -0.710502613329 -0.352733149454 1.218622752656 -0.544928412002 -0.904916052501 1 frame_00095.png

96 -0.605620669621 -0.144003661632 0.690740789397 0.367918088820 1.215053355283 -0.433309262671 -0.969966773177 1 frame_00096.png

97 -0.615820882164 -0.168837667270 0.667513137012 0.382994585756 1.201610003062 -0.306192937222 -1.030776300451 1 frame_00097.png

98 -0.626891005341 -0.195237439637 0.641054204870 0.397416224511 1.177289528319 -0.166654037383 -1.083956127849 1 frame_00098.png

99 -0.638450188907 -0.222659925511 0.611699546241 0.410642867150 1.141921671836 -0.017978008574 -1.127241327372 1 frame_00099.png

100 -0.650165344864 -0.250549771996 0.579896807752 0.422172455368 1.094871169735 0.135918659425 -1.157771527008 1 frame_00100.png

101 -0.661756842929 -0.278355212143 0.546203739374 0.431575937977 1.036753330026 0.290920858234 -1.174549680392 1 frame_00101.png

102 -0.673000173947 -0.305546972015 0.511274240606 0.438532159748 0.968568558800 0.442917549930 -1.177320045395 1 frame_00102.png

103 -0.683723546376 -0.331637880270 0.475832743289 0.442856151191 0.891682535776 0.587776480587 -1.166450509076 1 frame_00103.png

104 -0.693801548155 -0.356199755531 0.440641494959 0.444518043367 0.808262913551 0.722335084184 -1.143777730968 1 frame_00104.png

105 -0.703147082512 -0.378876427137 0.406464336128 0.443648010756 0.720634557733 0.843925637391 -1.111389741029 1 frame_00105.png

106 -0.711702265585 -0.399391142421 0.374033768274 0.440528533275 0.631471634996 0.951063916402 -1.072057957355 1 frame_00106.png

107 -0.719428840664 -0.417545281553 0.344025166384 0.435574104221 0.543455789073 1.042899764751 -1.028385143466 1 frame_00107.png

108 -0.726300864129 -0.433211734093 0.317041425616 0.429300927657 0.459384042563 1.120282104497 -0.983612502808 1 frame_00108.png

109 -0.732297998761 -0.446320685838 0.293610481838 0.422291770290 0.381768988569 1.183722232385 -0.939835748106 1 frame_00109.png

110 -0.737400705515 -0.456840247892 0.274193398123 0.415156774881 0.313055803818 1.235105679842 -0.899561482855 1 frame_00110.png

111 -0.741585703357 -0.464753049853 0.259204621968 0.408494897735 0.242291433374 1.259330988666 -0.874325424927 1 frame_00111.png

112 -0.744822149998 -0.470029626718 0.249038054669 0.402854907010 0.181791516423 1.268675321818 -0.858094176890 1 frame_00112.png

113 -0.747066560125 -0.472599144407 0.244098433940 0.398694932694 0.137101409051 1.269236645756 -0.849084145990 1 frame_00113.png

114 -0.748720212135 -0.473718571097 0.242004764194 0.395528087481 0.101297880715 1.265590515690 -0.844136901664 1 frame_00114.png

115 -0.750237668149 -0.474716135835 0.240086378953 0.392615078509 0.066451274743 1.261348810456 -0.839307310272 1 frame_00115.png

116 -0.751641112160 -0.475577317895 0.238341367300 0.389942554420 0.032445917692 1.256704323145 -0.834805435868 1 frame_00116.png

117 -0.752952201794 -0.476287789799 0.236767681038 0.387497037843 -0.000701714196 1.251501110606 -0.830505088258 1 frame_00117.png

118 -0.754191981904 -0.476833060025 0.235362983857 0.385264875792 -0.033081755507 1.245857520995 -0.826546908210 1 frame_00118.png

119 -0.755381050858 -0.477198361085 0.234124674533 0.383232060880 -0.064722473694 1.239722476793 -0.822910384817 1 frame_00119.png

120 -0.756539716279 -0.477369161393 0.233050189954 0.381384377099 -0.095671926779 1.233095123607 -0.819624139877 1 frame_00120.png

121 -0.757687794364 -0.477330329888 0.232136421844 0.379707153823 -0.125986071050 1.225986537418 -0.816731997265 1 frame_00121.png

122 -0.758844960239 -0.477066912176 0.231380549606 0.378185755055 -0.155711499587 1.218382970676 -0.814253872392 1 frame_00122.png

123 -0.760030572780 -0.476563530385 0.230779002402 0.376804837816 -0.184878208634 1.210222416203 -0.812164322223 1 frame_00123.png

124 -0.761263667393 -0.475804335784 0.230328333892 0.375548588342 -0.213577764276 1.201587277866 -0.810584293375 1 frame_00124.png

125 -0.762563217779 -0.474773582586 0.230024693500 0.374401047846 -0.241784146831 1.192280599338 -0.809355782531 1 frame_00125.png

126 -0.763947907730 -0.473454889685 0.229863767095 0.373345251876 -0.269628166915 1.182454955972 -0.808674063439 1 frame_00126.png

127 -0.765436319535 -0.471832010679 0.229841038787 0.372363770136 -0.297093454065 1.171935660945 -0.808404227304 1 frame_00127.png

128 -0.767046693478 -0.469888080051 0.229951657652 0.371438721005 -0.324259809035 1.160746033788 -0.808614054688 1 frame_00128.png

129 -0.768797117627 -0.467606238703 0.230189852534 0.370550849852 -0.351198649041 1.148885990183 -0.809348479480 1 frame_00129.png

130 -0.770705344018 -0.464969481469 0.230549675924 0.369680445242 -0.377864669149 1.136122662456 -0.810407480845 1 frame_00130.png

131 -0.772788642595 -0.461960352119 0.231024109027 0.368806373432 -0.404480770501 1.122719720947 -0.812116733276 1 frame_00131.png

132 -0.775064072921 -0.458561975096 0.231605786274 0.367906825231 -0.430839664997 1.108173301258 -0.813976160400 1 frame_00132.png

133 -0.777547934088 -0.454757128043 0.232285973884 0.366958354209 -0.457255510702 1.092859625902 -0.816437858397 1 frame_00133.png

134 -0.780255910703 -0.450529037185 0.233055370088 0.365936459112 -0.483586391911 1.076416225003 -0.819139591129 1 frame_00134.png

135 -0.783202915715 -0.445861516978 0.233903088846 0.364815084097 -0.509972122431 1.058900172743 -0.822179384208 1 frame_00135.png

136 -0.786402785106 -0.440738898592 0.234817328301 0.363566751599 -0.536506292610 1.040308795646 -0.825589983120 1 frame_00136.png

137 -0.789868061623 -0.435146442106 0.235784653954 0.362162417834 -0.563018677276 1.020277737257 -0.828959033124 1 frame_00137.png

138 -0.793890375205 -0.428513771344 0.236772338800 0.360628417696 -0.590301227284 0.998366240928 -0.833497855342 1 frame_00138.png

139 -0.798734351626 -0.420292747751 0.237743503612 0.358964513812 -0.619247133974 0.971672552119 -0.843908724336 1 frame_00139.png

140 -0.804376120644 -0.410489530813 0.238670112106 0.357090947880 -0.649605423856 0.941652367665 -0.856014907795 1 frame_00140.png

141 -0.810795991601 -0.399096908109 0.239514418714 0.354914590527 -0.679613053893 0.905551120494 -0.878904544202 1 frame_00141.png

142 -0.817974423386 -0.386099300707 0.240228586674 0.352328460905 -0.711068573080 0.864646181189 -0.904183293036 1 frame_00142.png

143 -0.825888618989 -0.371478735656 0.240754720519 0.349211630316 -0.738891199253 0.817965973187 -0.937667570470 1 frame_00143.png

144 -0.834508262308 -0.355220818449 0.241024275400 0.345429406121 -0.768991533739 0.765599815502 -0.970424017269 1 frame_00144.png

145 -0.843791616261 -0.337322074752 0.240958916613 0.340834760840 -0.796695148256 0.707034298698 -1.005558052607 1 frame_00145.png

146 -0.853681229646 -0.317797124396 0.240471519282 0.335271088126 -0.827003089355 0.641575925646 -1.038319425640 1 frame_00146.png

147 -0.864100011870 -0.296687702583 0.239467921240 0.328576782042 -0.857611104836 0.568822166016 -1.068774097711 1 frame_00147.png

148 -0.874947725165 -0.274070236804 0.237850681460 0.320591691038 -0.889632835539 0.488422723900 -1.095240850034 1 frame_00148.png

149 -0.886099157773 -0.250064441700 0.235524057751 0.311166315222 -0.923587042402 0.400256250780 -1.115968094235 1 frame_00149.png

150 -0.897403794089 -0.224838609128 0.232400650786 0.300173274646 -0.956798718885 0.304337186624 -1.130277306754 1 frame_00150.png

151 -0.908688380725 -0.198612646895 0.228409172211 0.287519909037 -0.990887988956 0.201324129008 -1.136467995745 1 frame_00151.png

152 -0.919762405212 -0.171656546465 0.223503532300 0.273161551282 -1.023598042564 0.091843077946 -1.133492441724 1 frame_00152.png

153 -0.930426928640 -0.144283296170 0.217671212782 0.257113408047 -1.053494443226 -0.022910424076 -1.120733310029 1 frame_00153.png

154 -0.940485666417 -0.116836129286 0.210940083779 0.239458560337 -1.080512875966 -0.141305029001 -1.098043362387 1 frame_00154.png

155 -0.949757952661 -0.089670312823 0.203382712470 0.220350917624 -1.100994486233 -0.261819163763 -1.064734593790 1 frame_00155.png

156 -0.958091374446 -0.063133570670 0.195116730742 0.200011310902 -1.115423461630 -0.382335907439 -1.022335006745 1 frame_00156.png

157 -0.965371956431 -0.037544156189 0.186300164287 0.178716759429 -1.122051636888 -0.500839308359 -0.971395744186 1 frame_00157.png

158 -0.971530945095 -0.013173150198 0.177123901353 0.156784149768 -1.119017638737 -0.615159900287 -0.912847049708 1 frame_00158.png

159 -0.976546867245 0.009768763041 0.167800270670 0.134550531868 -1.107834495764 -0.723773724405 -0.849589383234 1 frame_00159.png

160 -0.980442958660 0.031136823631 0.158552031897 0.112353700507 -1.084982767627 -0.822805029437 -0.780527115539 1 frame_00160.png

161 -0.983280792321 0.050852113274 0.149600162122 0.090513846615 -1.054380091787 -0.912094873964 -0.710201685112 1 frame_00161.png

162 -0.985151423685 0.068894685238 0.141155320342 0.069320961217 -1.014508104013 -0.985650452232 -0.637468610279 1 frame_00162.png

163 -0.986165809495 0.085293425532 0.133411153997 0.049025549195 -0.970661851250 -1.044456016854 -0.566909350155 1 frame_00163.png

164 -0.986445361431 0.100113343311 0.126541189425 0.029836444230 -0.924616439070 -1.087613309856 -0.499721496161 1 frame_00164.png

165 -0.986113844153 0.113442786545 0.120698504486 0.011921402160 -0.876526143597 -1.121255491074 -0.440869742694 1 frame_00165.png

166 -0.985290994285 0.125381887646 0.116017228323 -0.004588710707 -0.827422137542 -1.145668134156 -0.391752868399 1 frame_00166.png

167 -0.984087932448 0.136031939870 0.112615888384 -0.019593256670 -0.778560283683 -1.164658359758 -0.351234266408 1 frame_00167.png

168 -0.982604083840 0.145487283005 0.110601483325 -0.033015037640 -0.729285863564 -1.182069594607 -0.326350158540 1 frame_00168.png

169 -0.980925108037 0.153828425639 0.110074303931 -0.044792478498 -0.681670869474 -1.194829891540 -0.307225343664 1 frame_00169.png

170 -0.979122088141 0.161116726841 0.111132007418 -0.054872752374 -0.637249036775 -1.206675332827 -0.298617891964 1 frame_00170.png

171 -0.977250436709 0.167389613070 0.113874203634 -0.063205185368 -0.595149983289 -1.216006808527 -0.296737219221 1 frame_00171.png

172 -0.975349535094 0.172656782263 0.118405919256 -0.069735005998 -0.555013598549 -1.222226727274 -0.299978401497 1 frame_00172.png

173 -0.973441201719 0.176895388914 0.124840529541 -0.074398320798 -0.518155927889 -1.227578500217 -0.310817140596 1 frame_00173.png

174 -0.971509218838 0.180476059475 0.132454908034 -0.077806848223 -0.482646263363 -1.231518987260 -0.324951603506 1 frame_00174.png

175 -0.969534026026 0.183793609090 0.140435180195 -0.080632436915 -0.447525069803 -1.234535821258 -0.339544752710 1 frame_00175.png

176 -0.967517999992 0.186833274350 0.148765466278 -0.082891979188 -0.413171923221 -1.237125934558 -0.355175624067 1 frame_00176.png

177 -0.965462760197 0.189578480383 0.157430033939 -0.084601679205 -0.379782001352 -1.239665422430 -0.372258682107 1 frame_00177.png

178 -0.963369440031 0.192010986487 0.166413107047 -0.085777009964 -0.346505996781 -1.241455613458 -0.389707603284 1 frame_00178.png

179 -0.961238937860 0.194110828531 0.175698834884 -0.086432932412 -0.313278192237 -1.242520374408 -0.407493017262 1 frame_00179.png

180 -0.959071386550 0.195856888274 0.185271418967 -0.086583524692 -0.280473370249 -1.243060757769 -0.426167184085 1 frame_00180.png

181 -0.956866861355 0.197226633990 0.195114727301 -0.086242244391 -0.247950712690 -1.243071293582 -0.445675495180 1 frame_00181.png

182 -0.954624957832 0.198196387045 0.205212908463 -0.085421990295 -0.215239774761 -1.242378910807 -0.465485717359 1 frame_00182.png

183 -0.952345325947 0.198741189663 0.215549597352 -0.084135074347 -0.182280556155 -1.240968681714 -0.485582010140 1 frame_00183.png

184 -0.950026760854 0.198835180210 0.226108469994 -0.082393179299 -0.149305821577 -1.238658552279 -0.506329901149 1 frame_00184.png

185 -0.947668182726 0.198451465656 0.236872947644 -0.080207454921 -0.116271294845 -1.235394140795 -0.527784993767 1 frame_00185.png

186 -0.945267991524 0.197561872501 0.247826170098 -0.077588753281 -0.082780913450 -1.231311001598 -0.549511658923 1 frame_00186.png

187 -0.942824075594 0.196137634308 0.258950817937 -0.074547182931 -0.048781550747 -1.226357540746 -0.571495780324 1 frame_00187.png

188 -0.940334152804 0.194148486202 0.270229391118 -0.071092807290 -0.014430287640 -1.220048223622 -0.593965698655 1 frame_00188.png

189 -0.937795091917 0.191563414183 0.281643859972 -0.067235024186 0.020228584381 -1.212070703893 -0.617046722456 1 frame_00189.png

190 -0.935203409559 0.188350189972 0.293175596951 -0.062983092024 0.055582261711 -1.203003306032 -0.640348013742 1 frame_00190.png

191 -0.932554672303 0.184475611101 0.304805268402 -0.058345831289 0.091678851974 -1.192755492580 -0.663846045158 1 frame_00191.png

192 -0.929843785269 0.179905044060 0.316512987339 -0.053332055663 0.128250517567 -1.180210628934 -0.687691362926 1 frame_00192.png

193 -0.927064456998 0.174602808816 0.328277580154 -0.047950275364 0.165339116167 -1.165180845758 -0.711846373848 1 frame_00193.png

194 -0.924209483754 0.168531798366 0.340076850831 -0.042208932923 0.203326976671 -1.148625260050 -0.736071114763 1 frame_00194.png

195 -0.921270341907 0.161653398389 0.351887361177 -0.036116603658 0.242250648014 -1.130410140146 -0.760311645245 1 frame_00195.png

196 -0.918236940856 0.153927873792 0.363684072616 -0.029681761326 0.280983336376 -1.106998102743 -0.784333363048 1 frame_00196.png

197 -0.915097718206 0.145313600839 0.375439804055 -0.022913307767 0.320621120370 -1.081347296874 -0.808137725396 1 frame_00197.png

198 -0.911839324706 0.135767615848 0.387125244487 -0.015820416808 0.361275019980 -1.053574393202 -0.831630778373 1 frame_00198.png

199 -0.908446207638 0.125245282963 0.398708480813 -0.008412999122 0.400075988852 -1.018433251149 -0.853436432890 1 frame_00199.png

200 -0.904915921128 0.113652774621 0.410133783894 -0.000738017701 0.439379056219 -0.979869021948 -0.874402243946 1 frame_00200.png

201 -0.901238577978 0.100939356039 0.421342091929 0.007150147241 0.477124366615 -0.936582285034 -0.893469789958 1 frame_00201.png

